 lastmodified = ' 1-MAR-91 13:46:36'

 platname = 'ERS-1'
	h =    774.9853804990
	e = 0.000000000000000
	i =   98.497865452675
	node0 =   24.360000000000
	omega0 =    0.000000000000
	m0 =    0.000000000000
	t0 =    0.000000000000
