lastmodified = '1-May-1996 10:35:57'

instname = 'ERS-1'
        fullinstname = 'ERS-1'
        type = 'beam'
        minlook = 20.3 maxlook = 20.3
        minyaw = 90 maxyaw = 90
        swathwidth = 100.0

platname = 'ERS-1/F'
	h = 769.04668
	e = 0.001165
	i = 98.4913
	node0 = 299.7687
	omega0 = 0.0
	m0 =    0.0
	t0 =    0.0

instname = 'ERS-1'
        fullinstname = 'ERS-1'
        type = 'beam'
        minlook = 20.3 maxlook = 20.3
        minyaw = 90 maxyaw = 90
        swathwidth = 100.0
