      0    0    0
      3    252    255
      6    249    255
      9    246    255
     12    243    255
     15    240    255
     18    237    255
     21    234    255
     24    231    255
     27    228    255
     30    225    255
     33    222    255
     36    219    255
     39    216    255
     42    212    255
     46    209    255
     49    206    255
     52    203    255
     55    200    255
     58    197    255
     61    194    255
     64    191    255
     67    188    255
     70    185    255
     73    182    255
     76    179    255
     79    176    255
     82    173    255
     85    170    255
     88    167    255
     91    164    255
     94    161    255
     97    158    255
    100    155    255
    103    152    255
    106    149    255
    109    146    255
    112    143    255
    115    140    255
    118    137    255
    121    134    255
    124    131    255
    128    128    255
    131    124    255
    134    121    255
    137    118    255
    140    115    255
    143    112    255
    146    109    255
    149    106    255
    152    103    255
    155    100    255
    158     97    255
    161     94    255
    164     91    255
    167     88    255
    170     85    255
    173     82    255
    176     79    255
    179     76    255
    182     73    255
    185     70    255
    188     67    255
    191     64    255
    194     61    255
    197     58    255
    200     55    255
    203     52    255
    206     49    255
    209     46    255
    212     42    255
    216     39    255
    219     36    255
    222     33    255
    225     30    255
    228     27    255
    231     24    255
    234     21    255
    237     18    255
    240     15    255
    243     12    255
    246      9    255
    249      6    255
    252      3    255
    255      0    255
    255      0    255
    255      3    252
    255      6    249
    255      9    246
    255     12    243
    255     15    240
    255     18    237
    255     21    234
    255     24    231
    255     27    228
    255     30    225
    255     33    222
    255     36    219
    255     39    216
    255     42    212
    255     46    209
    255     49    206
    255     52    203
    255     55    200
    255     58    197
    255     61    194
    255     64    191
    255     67    188
    255     70    185
    255     73    182
    255     76    179
    255     79    176
    255     82    173
    255     85    170
    255     88    167
    255     91    164
    255     94    161
    255     97    158
    255    100    155
    255    103    152
    255    106    149
    255    109    146
    255    112    143
    255    115    140
    255    118    137
    255    121    134
    255    124    131
    255    128    128
    255    131    124
    255    134    121
    255    137    118
    255    140    115
    255    143    112
    255    146    109
    255    149    106
    255    152    103
    255    155    100
    255    158     97
    255    161     94
    255    164     91
    255    167     88
    255    170     85
    255    173     82
    255    176     79
    255    179     76
    255    182     73
    255    185     70
    255    188     67
    255    191     64
    255    194     61
    255    197     58
    255    200     55
    255    203     52
    255    206     49
    255    209     46
    255    212     42
    255    216     39
    255    219     36
    255    222     33
    255    225     30
    255    228     27
    255    231     24
    255    234     21
    255    237     18
    255    240     15
    255    243     12
    255    246      9
    255    249      6
    255    252      3
    255    255      0
      0    255    255
      3    255    252
      6    255    249
      9    255    246
     12    255    243
     15    255    240
     18    255    237
     21    255    234
     24    255    231
     27    255    228
     30    255    225
     33    255    222
     36    255    219
     39    255    216
     42    255    212
     46    255    209
     49    255    206
     52    255    203
     55    255    200
     58    255    197
     61    255    194
     64    255    191
     67    255    188
     70    255    185
     73    255    182
     76    255    179
     79    255    176
     82    255    173
     85    255    170
     88    255    167
     91    255    164
     94    255    161
     97    255    158
    100    255    155
    103    255    152
    106    255    149
    109    255    146
    112    255    143
    115    255    140
    118    255    137
    121    255    134
    124    255    131
    128    255    128
    131    255    124
    134    255    121
    137    255    118
    140    255    115
    143    255    112
    146    255    109
    149    255    106
    152    255    103
    155    255    100
    158    255     97
    161    255     94
    164    255     91
    167    255     88
    170    255     85
    173    255     82
    176    255     79
    179    255     76
    182    255     73
    185    255     70
    188    255     67
    191    255     64
    194    255     61
    197    255     58
    200    255     55
    203    255     52
    206    255     49
    209    255     46
    212    255     42
    216    255     39
    219    255     36
    222    255     33
    225    255     30
    228    255     27
    231    255     24
    234    255     21
    237    255     18
    240    255     15
    243    255     12
    246    255      9
    249    255      6
    252    255      3
    255    255      0
